1000
314
37
438
454
595
19
255
503
473
409
364
249
556
488
51
521
465
573
108
452
306
149
250
286
40
239
448
116
428
201
257
415
529
214
145
434
431
422
106
230
36
238
273
196
51
513
387
595
506
167
74
282
206
350
461
8
42
366
246
266
256
89
349
557
135
147
22
517
414
270
174
245
440
585
580
120
40
554
77
167
318
257
288
532
267
543
380
190
321
248
134
102
287
117
287
425
20
468
230
247
409
307
226
436
340
299
99
269
170
298
121
93
125
332
141
280
542
219
95
184
389
36
7
286
543
99
184
387
343
490
361
504
432
102
110
43
473
139
311
426
10
425
168
581
390
359
392
175
450
359
318
221
365
498
297
91
176
149
326
395
304
100
408
135
226
118
394
193
110
9
329
281
55
344
584
495
18
514
267
169
157
309
369
159
378
442
596
221
523
75
154
353
312
266
161
197
55
148
158
71
468
526
127
392
258
126
250
314
88
22
589
581
527
76
288
172
195
357
200
587
384
540
525
388
551
133
509
410
281
47
266
477
99
249
586
352
258
236
295
511
353
481
46
437
313
61
331
253
425
242
469
135
510
376
109
445
476
524
109
302
581
527
231
131
234
18
315
25
24
464
533
38
572
6
262
231
491
126
466
17
483
442
27
479
182
239
60
188
16
207
48
233
230
468
379
9
273
282
353
146
412
68
590
103
378
186
221
92
60
529
182
98
26
212
66
4
399
249
312
569
442
95
477
234
354
207
287
302
129
536
475
485
69
32
344
570
147
423
180
188
244
22
245
150
517
120
242
502
90
551
51
459
267
379
518
11
473
143
252
91
418
252
355
248
99
162
453
518
126
364
385
223
61
419
304
14
429
110
11
261
270
289
244
483
274
395
154
466
164
372
144
112
331
583
296
580
599
100
260
548
204
1
557
269
381
562
496
82
138
7
62
144
580
197
138
386
424
56
369
240
163
415
189
549
501
24
538
225
521
13
21
380
412
135
313
69
332
187
299
234
163
346
145
416
20
341
167
462
85
120
10
413
525
591
593
10
0
183
113
367
209
230
207
558
151
517
131
568
203
292
379
70
433
439
549
278
141
480
378
31
160
126
495
264
435
44
446
286
307
244
61
525
61
174
76
338
68
235
429
118
337
239
415
109
11
311
259
400
191
535
67
495
265
87
135
411
564
15
483
259
510
104
446
589
72
29
163
304
180
98
317
71
304
379
535
224
506
465
90
254
308
121
410
12
258
597
411
76
209
239
591
559
170
274
436
117
520
507
156
351
279
17
509
347
93
529
250
7
533
181
57
322
217
214
303
24
464
327
201
380
289
12
372
339
423
371
63
238
213
353
287
136
164
288
83
305
122
568
122
570
381
420
578
114
537
54
522
161
390
325
546
219
485
126
145
271
476
161
591
416
281
366
445
331
107
216
281
42
263
32
190
113
114
549
532
247
42
242
260
472
10
88
526
520
165
334
310
146
514
86
84
386
9
211
324
128
526
184
246
254
579
90
14
251
131
552
398
409
332
337
355
492
508
519
414
221
552
83
147
310
593
234
239
22
176
446
477
238
138
552
586
477
127
268
434
426
512
389
90
288
296
196
432
79
77
3
184
520
199
550
256
361
176
572
14
162
83
361
433
263
442
592
141
15
51
25
570
260
243
597
383
444
214
337
564
239
517
34
77
258
577
438
350
316
535
308
571
351
157
468
438
353
404
425
183
107
486
310
31
298
113
527
421
140
557
338
437
269
131
286
598
211
119
43
491
47
551
98
236
405
412
509
590
13
568
378
584
235
192
205
399
571
189
572
580
74
54
575
189
17
136
543
250
459
312
229
224
577
408
342
467
372
456
526
231
35
519
292
48
341
387
381
379
97
445
539
301
148
256
382
170
251
515
235
336
481
437
549
141
252
433
353
255
107
554
583
123
562
313
350
311
546
76
142
324
146
225
444
22
35
372
321
350
258
101
204
394
399
293
154
355
366
595
387
287
299
426
206
272
28
149
152
373
233
494
153
432
7
586
415
216
142
537
87
311
248
325
433
223
331
146
20
88
504
365
210
589
476
351
53
440
183
468
202
371
28
526
37
153
392
424
229
555
415
208
97
455
379
132
555
23
206
273
220
350
570
96
536
344
166
298
107
98
196
245
325
335
89
455
314
485
29
538
101
376
100
465
134
61
300
506
545
161
48
588
289
59
419
107
388
8
137
194
513
270
59
305
280
99
114
383
1
478
270
73
127
381
150
315
238
561
443
134
355
167
56
187
155
193
461
